1.462029665708541870e-01
6.982909142971038818e-02
8.735661953687667847e-02
9.300936758518218994e-02
8.928798884153366089e-02
9.577217698097229004e-02
1.238038167357444763e-01
7.675708830356597900e-02
1.145014837384223938e-01
8.262722939252853394e-02
8.360750228166580200e-02
7.148635387420654297e-02
1.543882340192794800e-01
1.550038903951644897e-01
7.593584060668945312e-02
8.615005761384963989e-02
1.032462343573570251e-01
1.483986973762512207e-01
7.792311906814575195e-02
8.179011940956115723e-02
1.520027667284011841e-01
7.681250572204589844e-02
8.456073701381683350e-02
9.855353832244873047e-02
1.443202942609786987e-01
1.093250587582588196e-01
7.874105125665664673e-02
1.161723360419273376e-01
1.081489175558090210e-01
1.792880296707153320e-01
6.419537961483001709e-02
6.794750690460205078e-02
