1.057572662830352783e-01
8.704907447099685669e-02
9.111781418323516846e-02
8.575221896171569824e-02
8.829461783170700073e-02
9.247092157602310181e-02
1.114260107278823853e-01
8.930314332246780396e-02
1.018845662474632263e-01
8.647012710571289062e-02
9.176184982061386108e-02
9.783690422773361206e-02
1.056807041168212891e-01
9.078846126794815063e-02
9.571128338575363159e-02
8.510664850473403931e-02
8.273969590663909912e-02
8.947230875492095947e-02
1.008310839533805847e-01
1.042318195104598999e-01
8.733108639717102051e-02
9.582148492336273193e-02
9.144727140665054321e-02
9.043450653553009033e-02
9.484694153070449829e-02
1.087413057684898376e-01
9.084466099739074707e-02
7.883513718843460083e-02
9.891552478075027466e-02
8.604668080806732178e-02
8.982861042022705078e-02
8.348482847213745117e-02
8.658433705568313599e-02
9.624101221561431885e-02
1.045664846897125244e-01
1.001453325152397156e-01
9.750638902187347412e-02
1.055619418621063232e-01
7.989905774593353271e-02
8.609978854656219482e-02
7.332208007574081421e-02
8.860879391431808472e-02
9.478750079870223999e-02
9.774498641490936279e-02
9.408383816480636597e-02
9.203174710273742676e-02
8.832614868879318237e-02
9.785950928926467896e-02
9.585335850715637207e-02
9.945979714393615723e-02
1.038110703229904175e-01
1.084384620189666748e-01
8.119291812181472778e-02
8.370117843151092529e-02
9.445063769817352295e-02
8.652136474847793579e-02
8.419813960790634155e-02
9.158710390329360962e-02
1.059089004993438721e-01
9.072124958038330078e-02
1.095823198556900024e-01
1.135126948356628418e-01
7.913558930158615112e-02
7.655701786279678345e-02
