-3.829437866806983948e-02
7.983282208442687988e-03
-1.224249415099620819e-02
-8.325434476137161255e-02
-8.132859319448471069e-02
-2.394343614578247070e-01
-6.962879747152328491e-02
-2.618870735168457031e-01
-1.199640780687332153e-01
2.063277810811996460e-01
2.124136388301849365e-01
-6.350217759609222412e-02
2.800775170326232910e-01
-6.129385903477668762e-03
-1.334351897239685059e-01
2.440212965011596680e-01
1.724171936511993408e-01
2.663778662681579590e-01
2.252809405326843262e-01
2.047483325004577637e-01
-4.788092151284217834e-02
1.947963535785675049e-01
2.010291963815689087e-01
-1.285681426525115967e-01
1.733319312334060669e-01
-1.335457116365432739e-01
-2.822335660457611084e-01
5.583233758807182312e-02
-9.724252857267856598e-03
1.421546787023544312e-01
-5.555605888366699219e-02
1.174811869859695435e-01
1.198717430233955383e-01
3.007058985531330109e-02
1.034433171153068542e-01
1.664966046810150146e-01
6.420870125293731689e-02
1.833875775337219238e-01
2.544471621513366699e-01
-3.221164457499980927e-03
5.401396378874778748e-02
-2.154513746500015259e-01
-1.696663349866867065e-02
-2.834336161613464355e-01
-1.155375614762306213e-01
-1.731995642185211182e-01
-1.467396020889282227e-01
6.076161190867424011e-02
-2.106089331209659576e-02
-4.965820536017417908e-02
-2.279307506978511810e-02
-7.092282176017761230e-02
1.939728409051895142e-01
1.294346451759338379e-01
-5.565642565488815308e-02
-2.020723968744277954e-01
7.152525335550308228e-02
-1.381100416183471680e-01
-1.111446693539619446e-01
-4.643845930695533752e-02
1.796638127416372299e-03
-4.942492395639419556e-02
-1.194285824894905090e-01
1.210880577564239502e-01
1.101455613970756531e-01
3.782717138528823853e-02
2.309483736753463745e-01
2.255834490060806274e-01
2.249590903520584106e-01
2.126959115266799927e-01
2.877196073532104492e-01
1.084707602858543396e-01
1.346938014030456543e-01
-1.059751361608505249e-01
-7.074373960494995117e-02
2.158806845545768738e-02
-2.345986217260360718e-01
7.197681814432144165e-02
-2.596691846847534180e-01
6.747614592313766479e-02
1.352132260799407959e-01
2.164489775896072388e-01
1.770607382059097290e-01
3.587790951132774353e-02
2.370570972561836243e-02
2.009228169918060303e-01
1.308048423379659653e-02
1.038631424307823181e-01
1.317782104015350342e-01
1.894078552722930908e-01
-1.608854383230209351e-01
4.944129288196563721e-02
7.598549872636795044e-02
-7.867579907178878784e-02
1.328360885381698608e-01
1.915524154901504517e-01
-1.612320244312286377e-01
1.623647809028625488e-01
2.535532116889953613e-01
-8.389483392238616943e-02
2.126835137605667114e-01
2.782844007015228271e-01
-2.527100406587123871e-02
1.052095964550971985e-01
3.295834660530090332e-01
-4.573301877826452255e-03
2.544600963592529297e-01
1.666676700115203857e-01
-2.927543222904205322e-02
-1.890016496181488037e-01
-1.375254094600677490e-01
-1.418296694755554199e-01
1.387383136898279190e-02
-1.607683598995208740e-01
-2.774509787559509277e-01
-7.708142697811126709e-02
1.243366301059722900e-01
-2.974287867546081543e-01
-4.078533034771680832e-03
3.493283689022064209e-02
-1.462894678115844727e-01
-1.700987517833709717e-01
3.433740139007568359e-02
-1.666662693023681641e-01
7.423993945121765137e-02
1.225188598036766052e-01
-2.395119071006774902e-01
-1.806431710720062256e-01
8.568136952817440033e-03
2.437188327312469482e-01
8.859295397996902466e-02
-7.901499420404434204e-02
1.846657693386077881e-01
2.512445747852325439e-01
7.825759053230285645e-02
-2.064075134694576263e-02
4.149831831455230713e-02
-4.715244099497795105e-02
7.885990291833877563e-02
7.977034896612167358e-02
1.587514281272888184e-01
1.143651828169822693e-01
-3.435806185007095337e-02
3.475677967071533203e-02
-1.032907366752624512e-01
-6.915832310914993286e-02
7.621100544929504395e-02
-5.776758119463920593e-02
-3.719502314925193787e-02
-9.745618700981140137e-02
-1.010734029114246368e-02
-1.184197515249252319e-01
3.666068241000175476e-02
1.470831930637359619e-01
9.637831896543502808e-02
9.275631606578826904e-02
2.113046869635581970e-02
1.271372660994529724e-02
-3.109124004840850830e-01
-2.763407230377197266e-01
-2.575452327728271484e-01
-6.251766532659530640e-02
-1.715873926877975464e-01
1.277793347835540771e-01
1.305889189243316650e-01
1.070564985275268555e-01
2.227859497070312500e-01
6.584855914115905762e-02
1.671592295169830322e-01
-4.336703196167945862e-02
-8.692667819559574127e-03
-1.190883144736289978e-01
3.634889721870422363e-01
2.790125608444213867e-01
2.696578800678253174e-01
2.916012406349182129e-01
1.968954503536224365e-01
-3.406411781907081604e-02
1.168892905116081238e-01
9.775899350643157959e-02
-1.941188871860504150e-01
-1.249640285968780518e-01
8.420763164758682251e-02
-9.917132556438446045e-02
-3.833406046032905579e-02
-3.322580829262733459e-02
2.496121823787689209e-02
-2.085439413785934448e-01
-7.842139899730682373e-02
1.015234291553497314e-01
1.919578313827514648e-01
9.428831189870834351e-02
2.457911968231201172e-01
3.093979358673095703e-01
1.383596938103437424e-02
1.439159363508224487e-01
-3.118170611560344696e-02
-7.150120288133621216e-02
1.652366854250431061e-02
3.357836008071899414e-01
2.849747538566589355e-01
-4.207574576139450073e-02
2.671024501323699951e-01
2.253914475440979004e-01
2.562762498855590820e-01
1.410120874643325806e-01
-4.662362858653068542e-02
1.574925631284713745e-01
1.315918266773223877e-01
1.613192260265350342e-01
-2.687763422727584839e-02
4.828342050313949585e-02
-3.713938966393470764e-02
-7.945841550827026367e-02
-2.676017880439758301e-01
-1.582960337400436401e-01
-2.344111800193786621e-01
-1.196559444069862366e-01
1.542358547449111938e-01
-2.486303895711898804e-01
8.938383311033248901e-02
3.982144221663475037e-02
-3.429453372955322266e-01
9.877298772335052490e-02
1.533601135015487671e-01
3.078249692916870117e-01
-9.377912431955337524e-02
-2.889007031917572021e-01
2.098488807678222656e-01
-4.416381940245628357e-02
-2.463114261627197266e-01
1.555192321538925171e-01
2.521960064768791199e-03
-1.083934530615806580e-01
1.808893084526062012e-01
1.977338343858718872e-01
2.867629379034042358e-02
4.586138203740119934e-02
-1.536169350147247314e-01
-1.310367584228515625e-01
-7.722115144133567810e-03
1.432083919644355774e-02
-5.648850928992033005e-03
-9.260070323944091797e-02
4.021968692541122437e-02
4.303272813558578491e-02
-2.825903594493865967e-01
-4.223527759313583374e-02
2.126201987266540527e-01
-2.063502371311187744e-01
-7.129826396703720093e-02
2.826444804668426514e-01
-2.367512881755828857e-01
-8.787222206592559814e-02
2.033365666866302490e-01
-1.974620223045349121e-01
4.733842238783836365e-02
1.388587653636932373e-01
-1.261864751577377319e-01
-1.506656594574451447e-02
4.479402303695678711e-02
-7.413914054632186890e-02
-6.737373769283294678e-02
-1.777518838644027710e-01
-1.670148223638534546e-01
-8.108136802911758423e-02
1.954420842230319977e-02
-8.431353420019149780e-02
-7.995689660310745239e-02
-1.669199168682098389e-01
7.377461344003677368e-02
1.577239483594894409e-01
-4.038809984922409058e-02
9.693982452154159546e-02
1.682824045419692993e-01
1.510910093784332275e-01
3.557703793048858643e-01
2.305629551410675049e-01
1.261279284954071045e-01
-4.205274954438209534e-02
6.217855587601661682e-02
8.051591366529464722e-02
6.988260149955749512e-02
-7.716918364167213440e-03
3.668621778488159180e-01
-1.288338005542755127e-01
1.521875858306884766e-01
2.702820003032684326e-01
