1.030646637082099915e-01
1.038359999656677246e-01
9.404750913381576538e-02
9.411206841468811035e-02
1.083296686410903931e-01
9.625993669033050537e-02
9.995370358228683472e-02
9.650471806526184082e-02
1.044250801205635071e-01
1.007279306650161743e-01
1.030692383646965027e-01
1.018485352396965027e-01
1.007396951317787170e-01
9.646735340356826782e-02
9.355068951845169067e-02
1.027269661426544189e-01
1.008334308862686157e-01
1.027391105890274048e-01
9.532091766595840454e-02
9.753122925758361816e-02
9.986028820276260376e-02
9.769473969936370850e-02
9.228015691041946411e-02
9.664488583803176880e-02
1.019734889268875122e-01
9.357636421918869019e-02
9.733809530735015869e-02
9.554158896207809448e-02
9.699822217226028442e-02
1.014510616660118103e-01
1.014360487461090088e-01
9.590691328048706055e-02
9.276141971349716187e-02
9.615053981542587280e-02
9.574345499277114868e-02
9.011033177375793457e-02
1.047523096203804016e-01
1.059787794947624207e-01
9.825477749109268188e-02
9.620507806539535522e-02
9.622098505496978760e-02
1.015636473894119263e-01
1.061391979455947876e-01
1.049946919083595276e-01
1.034613624215126038e-01
9.614437818527221680e-02
9.770365059375762939e-02
9.884681552648544312e-02
1.057023257017135620e-01
9.830474853515625000e-02
9.614519774913787842e-02
9.616293013095855713e-02
1.046586483716964722e-01
9.773118793964385986e-02
9.630315005779266357e-02
1.018231883645057678e-01
1.046051234006881714e-01
9.592522680759429932e-02
1.024842858314514160e-01
1.052042990922927856e-01
1.005633771419525146e-01
9.872736036777496338e-02
9.989501535892486572e-02
9.468997269868850708e-02
