-4.463131725788116455e-02
3.979099541902542114e-02
-1.024947389960289001e-01
1.171477288007736206e-01
-2.949230670928955078e-01
-1.935562342405319214e-01
7.455754280090332031e-02
-1.681104898452758789e-01
9.756152331829071045e-02
-1.936512738466262817e-01
-1.670861616730690002e-02
1.652365624904632568e-01
-9.888300299644470215e-02
-8.250039815902709961e-02
-8.268602192401885986e-02
1.685309112071990967e-01
8.330486714839935303e-02
1.804130384698510170e-03
1.861049979925155640e-01
1.293596923351287842e-01
1.692688763141632080e-01
-8.798595517873764038e-03
-4.874076321721076965e-02
-2.475360184907913208e-01
-7.710522413253784180e-02
-2.538705468177795410e-01
-2.693569660186767578e-01
1.709998846054077148e-01
-1.847894787788391113e-01
-1.718081086874008179e-01
-3.158303797245025635e-01
-2.092853039503097534e-01
-8.667645603418350220e-02
-1.839222386479377747e-02
-2.455264031887054443e-01
-1.578451693058013916e-01
8.157820254564285278e-02
1.734038144350051880e-01
8.688225597143173218e-02
-1.252968609333038330e-01
-1.273802369832992554e-01
-2.323117107152938843e-01
1.350259333848953247e-01
5.578626692295074463e-02
7.082156091928482056e-02
1.043011173605918884e-01
-1.299851536750793457e-01
-2.029319554567337036e-01
1.629387140274047852e-01
8.774217218160629272e-02
4.669198021292686462e-02
-2.553083002567291260e-02
1.412908136844635010e-01
1.063837707042694092e-01
5.973594635725021362e-02
-6.795975565910339355e-02
-2.156918644905090332e-01
-1.294910162687301636e-01
6.996351480484008789e-02
1.802387982606887817e-01
-2.475567460060119629e-01
1.231734529137611389e-01
-8.360358327627182007e-02
-1.281456649303436279e-01
1.101768240332603455e-01
9.464434534311294556e-02
1.927066445350646973e-01
3.877327591180801392e-02
1.356913745403289795e-01
-3.158804401755332947e-02
-1.150537580251693726e-01
-9.250559657812118530e-02
-2.684148848056793213e-01
1.347097158432006836e-01
1.667456030845642090e-01
-1.221514567732810974e-01
1.768042743206024170e-01
5.578317120671272278e-02
4.219969362020492554e-02
-6.511832028627395630e-02
-1.029410585761070251e-01
1.290937066078186035e-01
-2.559783160686492920e-01
-9.540585428476333618e-02
-1.291718184947967529e-01
1.729557663202285767e-01
-7.959402166306972504e-03
-1.354293823242187500e-01
-6.604169309139251709e-02
-1.487700790166854858e-01
2.486529061570763588e-03
-1.709184199571609497e-01
8.839244395494461060e-02
1.356036514043807983e-01
8.720888197422027588e-02
-8.528539538383483887e-02
-1.972093135118484497e-01
1.125179901719093323e-01
-2.480068355798721313e-01
-1.942313909530639648e-01
8.000227063894271851e-02
-1.310988366603851318e-01
-2.255180031061172485e-01
-5.219423398375511169e-02
-2.272170335054397583e-01
9.696582332253456116e-03
-1.567442715167999268e-01
4.830513522028923035e-02
5.445388704538345337e-02
2.830299548804759979e-03
-6.294964253902435303e-02
-1.342899501323699951e-01
-1.486429572105407715e-01
-1.366617977619171143e-01
1.988330185413360596e-01
-1.520696133375167847e-01
1.674667745828628540e-01
-1.647990047931671143e-01
7.911694794893264771e-02
-1.425406038761138916e-01
9.429782629013061523e-02
1.773974485695362091e-02
-1.347002983093261719e-01
5.280543491244316101e-02
3.215174004435539246e-02
1.063830032944679260e-01
-6.837809924036264420e-03
-2.489566355943679810e-01
-2.369422232732176781e-03
1.513981223106384277e-01
-5.714926123619079590e-02
-1.027844548225402832e-01
-2.479581236839294434e-01
9.951383620500564575e-02
1.642922312021255493e-01
7.530685514211654663e-02
3.262293338775634766e-02
1.792956739664077759e-01
1.316456496715545654e-01
-8.008781820535659790e-02
-1.414271742105484009e-01
7.654964178800582886e-02
6.604117900133132935e-02
-1.051778122782707214e-01
-3.131197066977620125e-03
1.342963147908449173e-02
1.589274406433105469e-01
-1.640917360782623291e-01
9.993351995944976807e-02
-1.508387625217437744e-01
1.320415586233139038e-01
-8.925105631351470947e-02
-1.028609499335289001e-01
-1.582576483488082886e-01
-2.697866261005401611e-01
-6.157223880290985107e-02
-1.795616894960403442e-01
1.218149736523628235e-01
-1.975085288286209106e-01
-1.310826838016510010e-01
-1.370079219341278076e-01
-2.665673010051250458e-02
-1.391675025224685669e-01
-6.718007475137710571e-02
-2.376005500555038452e-01
-1.152054294943809509e-01
7.639953494071960449e-02
2.020971775054931641e-01
1.343046128749847412e-01
-1.788047514855861664e-02
-8.843565732240676880e-02
4.326216876506805420e-02
-6.802005809731781483e-04
-1.331864297389984131e-01
-8.308893442153930664e-02
1.365086715668439865e-02
1.252413690090179443e-01
7.700312137603759766e-02
6.070688739418983459e-02
1.850216686725616455e-01
7.421049475669860840e-02
-1.964674293994903564e-01
-1.033636629581451416e-01
7.550674956291913986e-03
4.635738581418991089e-02
2.474958263337612152e-02
-1.374806165695190430e-01
-1.625757515430450439e-01
-1.772460043430328369e-01
2.847104147076606750e-02
-1.710105091333389282e-01
3.088699840009212494e-02
-3.740408644080162048e-02
-2.044250629842281342e-02
2.037749737501144409e-01
3.119531087577342987e-02
-1.895157992839813232e-01
1.126555800437927246e-01
-5.178158730268478394e-02
2.331079095602035522e-01
1.506501249969005585e-02
-8.982920646667480469e-02
-1.288115531206130981e-01
-1.139387562870979309e-01
-2.004781067371368408e-01
6.872268766164779663e-02
4.748164489865303040e-02
-1.075576767325401306e-01
-1.170511320233345032e-01
-1.187757253646850586e-01
1.438146084547042847e-01
4.529352113604545593e-02
3.271688893437385559e-02
-1.839371919631958008e-01
8.130327612161636353e-02
1.007516682147979736e-01
1.578779071569442749e-01
1.848824769258499146e-01
1.373724341392517090e-01
-1.397417485713958740e-01
-1.843209862709045410e-01
-1.197467278689146042e-02
7.509029656648635864e-02
2.125721424818038940e-01
-1.944197714328765869e-01
-4.709463566541671753e-02
-6.497654318809509277e-02
2.628708258271217346e-02
-1.550540477037429810e-01
-8.553560078144073486e-02
3.593800961971282959e-02
1.394406110048294067e-01
1.412131935358047485e-01
1.475585103034973145e-01
-3.937511891126632690e-02
-1.324625611305236816e-01
-1.470458954572677612e-01
-2.744138240814208984e-02
-1.824301034212112427e-01
1.519625037908554077e-01
-2.089488506317138672e-01
-9.792116284370422363e-02
-2.704317122697830200e-02
-1.813555136322975159e-02
1.155940517783164978e-01
1.286262869834899902e-01
-1.694794148206710815e-01
-6.952705979347229004e-02
-1.564204394817352295e-01
-7.472573965787887573e-02
-5.733439233154058456e-03
3.162460029125213623e-02
-3.295248746871948242e-02
-8.496532589197158813e-02
2.509257011115550995e-02
-2.445120364427566528e-01
2.707425318658351898e-02
4.314100742340087891e-02
-1.782646924257278442e-01
-4.116382822394371033e-02
6.798177957534790039e-02
-2.310559451580047607e-01
-1.738535054028034210e-02
-2.598455846309661865e-01
-7.573415338993072510e-02
-1.330725997686386108e-01
-5.477016419172286987e-02
-1.220637932419776917e-02
2.057639211416244507e-01
5.964586511254310608e-02
-1.947912126779556274e-01
-1.198415458202362061e-02
9.099227935075759888e-02
-3.245621919631958008e-02
-1.565541774034500122e-01
1.247330307960510254e-01
-1.498101353645324707e-01
-5.395460873842239380e-02
-9.064439684152603149e-02
-1.050414964556694031e-01
-1.546800881624221802e-01
-4.266627598553895950e-03
1.426901668310165405e-01
2.381379250437021255e-03
1.387606859207153320e-01
-1.313267797231674194e-01
-3.670747950673103333e-02
-2.270062565803527832e-01
1.172396987676620483e-01
-1.602768898010253906e-01
8.868429809808731079e-02
9.090700745582580566e-02
9.734605439007282257e-03
-1.126159355044364929e-01
1.390071809291839600e-01
-1.163175106048583984e-01
-2.680206894874572754e-01
-1.942658983170986176e-02
-2.103622704744338989e-01
3.084622696042060852e-02
-1.226880848407745361e-01
1.069022864103317261e-01
1.341122090816497803e-01
-1.385247409343719482e-01
-1.256805658340454102e-01
6.848426070064306259e-03
1.295049339532852173e-01
1.742645502090454102e-01
-1.721721291542053223e-01
9.384708106517791748e-02
1.474006623029708862e-01
-1.186172664165496826e-01
-2.311506420373916626e-01
5.012740194797515869e-02
-1.127787083387374878e-01
-1.424541771411895752e-01
1.090203672647476196e-01
-2.924906276166439056e-02
-5.555957183241844177e-02
8.580859005451202393e-02
-1.745189428329467773e-01
-3.939306363463401794e-02
-9.189154207706451416e-02
1.021267399191856384e-01
1.408501267433166504e-01
6.143997609615325928e-02
-1.733403280377388000e-02
2.368868738412857056e-01
5.578646063804626465e-02
-3.609957545995712280e-02
-4.850702360272407532e-02
-1.192067004740238190e-02
2.026274986565113068e-02
-3.058846592903137207e-01
-2.711162567138671875e-01
1.324780434370040894e-01
-9.946247190237045288e-02
3.703192621469497681e-02
-1.574494540691375732e-01
-8.554679155349731445e-02
-1.077313721179962158e-01
1.032776385545730591e-01
-2.398708462715148926e-01
-2.875315491110086441e-03
1.698363721370697021e-01
-1.832599565386772156e-02
7.380504161119461060e-02
2.612972632050514221e-02
-1.869009882211685181e-01
-3.269405290484428406e-02
1.091088727116584778e-01
-8.160554803907871246e-03
7.508878409862518311e-02
2.591988630592823029e-02
-8.947078138589859009e-02
5.267228186130523682e-02
5.116742849349975586e-02
9.541949629783630371e-02
1.113695129752159119e-01
8.693180978298187256e-02
1.396448165178298950e-01
5.775686725974082947e-02
1.215701997280120850e-01
1.285851895809173584e-01
1.009617298841476440e-01
1.037402916699647903e-02
-2.366479486227035522e-01
1.665350943803787231e-01
-1.602260321378707886e-01
-4.039251059293746948e-02
-2.339641451835632324e-01
2.058040164411067963e-02
-2.012877538800239563e-02
4.774082079529762268e-02
1.401428580284118652e-01
-1.568078696727752686e-01
1.247529834508895874e-01
-2.611747980117797852e-01
2.159254252910614014e-02
-8.839854598045349121e-02
-4.911499843001365662e-02
-2.939617633819580078e-02
-1.277243793010711670e-01
-1.304060965776443481e-01
-1.778574585914611816e-01
-1.889174580574035645e-01
-2.252824604511260986e-01
-3.541860356926918030e-02
-1.291697658598423004e-02
3.765643015503883362e-02
1.533887684345245361e-01
-5.989595502614974976e-02
-2.774507999420166016e-01
1.599824130535125732e-01
1.432325392961502075e-01
1.569840908050537109e-01
2.025370150804519653e-01
-3.402961790561676025e-01
-1.885186433792114258e-01
-9.465029835700988770e-02
-2.074756771326065063e-01
-1.979435980319976807e-01
-8.859968185424804688e-02
6.350765377283096313e-02
7.471361011266708374e-02
5.898366123437881470e-02
-2.720656804740428925e-02
-1.950830221176147461e-01
-1.479115188121795654e-01
8.408062160015106201e-02
-2.169307917356491089e-01
-3.874966176226735115e-03
3.865600004792213440e-02
-1.278130561113357544e-01
-1.364228278398513794e-01
1.580525785684585571e-01
1.150061190128326416e-01
-9.655650705099105835e-02
-2.406084239482879639e-01
-5.275944992899894714e-02
2.915413305163383484e-02
-8.868080377578735352e-02
1.212402582168579102e-01
-4.777301847934722900e-02
5.530935153365135193e-02
-2.158042974770069122e-02
1.156874969601631165e-01
1.149554550647735596e-01
-5.067956820130348206e-02
-1.232715100049972534e-01
6.405645608901977539e-02
-1.345053464174270630e-01
1.194692254066467285e-01
-1.573486328125000000e-01
-6.647694855928421021e-02
-1.033993512392044067e-01
-6.982265412807464600e-02
-9.470479190349578857e-02
1.721160560846328735e-01
1.660778224468231201e-01
1.283115446567535400e-01
-2.351907342672348022e-01
6.240932270884513855e-02
-2.146153338253498077e-02
4.363475739955902100e-02
-1.475192010402679443e-01
1.668889522552490234e-01
-2.087026834487915039e-02
1.108008846640586853e-01
5.036146938800811768e-02
1.527036726474761963e-01
-9.597796201705932617e-02
7.069507241249084473e-02
-8.724589645862579346e-02
-1.249274089932441711e-01
-1.211744099855422974e-01
7.006001472473144531e-02
-7.831501215696334839e-02
-8.734327554702758789e-02
2.671974524855613708e-02
-2.115625590085983276e-01
7.018722593784332275e-02
4.889805242419242859e-02
7.173916790634393692e-03
2.108771353960037231e-03
-4.564645886421203613e-02
-5.086148530244827271e-02
-1.328938007354736328e-01
1.263841092586517334e-01
-5.787868425250053406e-02
1.090976297855377197e-01
1.075884252786636353e-01
1.013884879648685455e-02
2.255651913583278656e-02
-2.731009125709533691e-01
-6.605165544897317886e-03
-1.471410989761352539e-01
1.041879728436470032e-01
7.421159744262695312e-02
-4.488809406757354736e-02
-2.244678735733032227e-01
-1.222483348101377487e-02
9.330105036497116089e-02
4.281277954578399658e-02
8.261255174875259399e-02
1.349187046289443970e-01
-1.815821230411529541e-01
5.107685178518295288e-02
-9.402903728187084198e-03
1.924028843641281128e-01
-1.273375451564788818e-01
-1.065370514988899231e-01
-3.509726375341415405e-02
-1.667499989271163940e-01
1.334516853094100952e-01
-1.494759917259216309e-01
-2.488347142934799194e-01
1.725268214941024780e-01
-2.337741106748580933e-02
-4.446098580956459045e-03
-1.126204580068588257e-01
2.223919518291950226e-02
-1.007355079054832458e-01
1.850957274436950684e-01
-1.860619038343429565e-01
3.572944179177284241e-02
-8.763470500707626343e-02
-2.240531742572784424e-01
-1.787312179803848267e-01
-8.694487065076828003e-02
-2.892346084117889404e-01
-3.464288264513015747e-02
1.785936802625656128e-01
1.329640597105026245e-01
-2.618114463984966278e-02
-5.002994462847709656e-02
-1.794335842132568359e-01
-1.758314371109008789e-01
-8.860050886869430542e-02
-1.243394147604703903e-02
-3.597881272435188293e-02
-1.269442215561866760e-02
-8.738195151090621948e-02
1.394986063241958618e-01
-6.343404948711395264e-02
-2.007226943969726562e-01
3.680316358804702759e-02
-3.179871290922164917e-02
-1.552028506994247437e-01
1.688006371259689331e-01
1.033166646957397461e-01
-5.840274970978498459e-03
-1.704533845186233521e-01
-1.503163278102874756e-01
-8.984746783971786499e-02
-1.523343026638031006e-01
1.224680840969085693e-01
6.858223676681518555e-02
8.799383044242858887e-02
4.176124930381774902e-02
-1.443350762128829956e-01
2.160230278968811035e-02
3.812944889068603516e-02
1.243411973118782043e-01
3.297306597232818604e-02
4.892184399068355560e-03
1.011457480490207672e-02
2.084703557193279266e-02
-1.271615922451019287e-01
8.705581724643707275e-02
-4.947260394692420959e-02
1.439850926399230957e-01
1.550562083721160889e-01
4.237366095185279846e-02
9.036120027303695679e-02
-7.388457655906677246e-02
-8.873214572668075562e-02
-8.310668170452117920e-02
-1.622944027185440063e-01
-1.657563149929046631e-01
1.022625565528869629e-01
1.358483433723449707e-01
1.190203204751014709e-01
9.317243844270706177e-02
1.180452778935432434e-01
-2.454474009573459625e-02
6.810532510280609131e-02
-3.857056843116879463e-03
1.433882713317871094e-01
-3.139172866940498352e-02
-1.768142580986022949e-01
-2.458812855184078217e-02
1.332492828369140625e-01
-6.498383730649948120e-02
1.905113905668258667e-01
1.844268850982189178e-02
-1.046156659722328186e-01
-2.457013577222824097e-01
-7.101126760244369507e-02
4.873405024409294128e-02
9.910504519939422607e-02
-1.849975585937500000e-01
-1.603747010231018066e-01
1.291639916598796844e-02
5.512792989611625671e-02
-1.748434454202651978e-01
-1.675104945898056030e-01
-1.028444543480873108e-01
-1.057446599006652832e-01
2.978184202220290899e-04
3.995618224143981934e-02
2.076687663793563843e-01
6.382294744253158569e-02
-2.931866096332669258e-03
1.241905391216278076e-01
1.657012663781642914e-02
-1.177951917052268982e-01
-9.162827581167221069e-02
-2.742895483970642090e-01
9.539161622524261475e-02
1.516027301549911499e-01
8.077097684144973755e-02
7.886029779911041260e-02
-2.468175254762172699e-02
1.176081225275993347e-01
-1.313682496547698975e-01
6.577420979738235474e-02
-3.753545135259628296e-02
1.188385859131813049e-01
7.743281871080398560e-02
9.314884990453720093e-02
-5.241031572222709656e-02
-2.349085956811904907e-01
-1.636072695255279541e-01
-1.108882129192352295e-01
-8.543566614389419556e-02
4.540765285491943359e-02
1.589463502168655396e-01
7.795555889606475830e-02
-8.782558888196945190e-02
-3.161143884062767029e-02
1.249058619141578674e-01
6.829699128866195679e-02
5.372944101691246033e-02
-2.083265930414199829e-01
1.920351535081863403e-01
-2.176706641912460327e-01
1.541423946619033813e-01
-1.116751134395599365e-01
4.893307760357856750e-02
-1.360666602849960327e-01
1.246575936675071716e-01
-2.480991333723068237e-01
3.624911233782768250e-02
-6.829898059368133545e-02
-1.607778668403625488e-02
9.374551475048065186e-02
-7.501520961523056030e-02
1.628441661596298218e-01
4.066503793001174927e-02
